9493653008
8919419359
8016539687
9340847172
6290602167
9116846464
9709563192
9587919305
7506929057
7987252959
8902323694
7356866109
8210727054
9073105777
6265674946
8825186849
7769943102
9954951001
7541882112
8878835368
8658595603
9883555189
8075499646
8707341346
7999464132
8917463011
9497250482
7889015233
9666909069
7007553889
9502677004
8126190437
9641837897
7488600741
8860800340
6303641137
7978068562
7363954040
9732720978
9635648456
7001757924
8239573900
7988078954
8388847453
9711081607
7003067677
8250199919
7602056463
6393694325
9833520318
9602591667
7080640970
8116915063
8329486773
7003072062
8130582085
9564446865
9027181633
8240146321
9140500402
7587044580
7032379419
9354817364
8002970519
8930589075
9609495584
8917470765
9051296056
7439478005
7790079959
8955967816
9675282935
8078302114
6297111233
6289448258
7782983987
7978345035
7008873538
8883881596
9949603718
7997637988
9790795767
7003547613
9669542254
8179550050
9080286277
9951845027
8889244331
7989440729
7780533524
9908565312
9025213244
8778722250
8675972499
9381440791
9893513397
8007008228
7860392306
7387647022
7000763973
8074433294
9516325885
9948761763
8700302641
9539698262
8602959460
9492035915
9095863264
7992311889